0 0.001727762539972163 0.06308345787887817 -0.020453625376199817 1.0 0.48250823619772165 0.17662109883087976 -0.8578982640343439 0.0 1 272 44 2 286 40 3 280 33 
0 -0.06038784939892435 -0.012170745269825803 -0.048476933211067254 1.0 0.4718775288271786 0.2734158983595318 -0.8381968665187692 0.0 1 113 212 2 83 196 3 95 215 
0 -0.05059976634308472 -0.0006855856980928548 -0.05435865631969646 1.0 0.2406333232756793 0.43390028526156665 -0.8682308467234798 0.0 1 132 207 2 108 169 3 117 196 
0 -0.0407676066427206 0.024526991362242404 -0.052210194907581345 1.0 0.18011659214510842 0.9138867293661349 -0.36382371570507743 0.0 1 188 185 2 174 143 3 179 168 
0 -0.013424849174452391 0.013582911588697373 -0.038279468039386255 1.0 0.7348136113270409 0.006284112855291402 -0.6782391118084828 0.0 1 150 113 2 154 76 3 151 90 
0 -0.05218772917697502 0.006761823580037271 -0.047137064316240554 1.0 0.02548631439451582 0.21314508011570815 -0.9766874914640034 0.0 1 153 194 2 131 174 3 140 193 
0 -0.008384600936800619 -0.007202973331076201 -0.04035862904105285 1.0 0.31860191782832115 0.03230235427498304 -0.9473373353466773 0.0 1 94 112 2 101 64 3 97 81 
0 -0.009592729157337236 0.0373760560921673 -0.04201700206363457 1.0 0.1784356656294351 0.39474730566438876 -0.9012957161559033 0.0 1 206 111 2 212 63 3 208 80 
2 -0.04197933629369244 0.02379677887781298 -0.049832855318125 1.0 -0.014089725009046858 0.8011771257618603 -0.5982601288256 0.0 0 181 174 1 188 182 3 179 169 
2 -0.011456746089174637 0.014479953611781695 -0.04096685735873833 1.0 0.16585413594393345 -0.4179401879528029 -0.8932060127978931 0.0 0 151 94 1 150 115 3 151 87 0 -0.001033935604803237 0.06035021035535196 -0.02335817638064847 1.0 -0.37556288352477885 0.7473973108133979 -0.5480408817358646 0.0 1 266 55 2 278 46 3 273 43 
0 -0.0005641614075112586 0.06082233833923233 -0.02354353156677923 1.0 -0.36203419314666385 0.8004508654372764 -0.4777118586503948 0.0 1 267 55 2 279 45 3 274 42 
0 0.0020399021414723053 0.06341049185857787 -0.02022774257920211 1.0 0.5487910957666157 0.1701805337764592 -0.8184531664290818 0.0 1 273 43 2 287 39 3 281 32 
0 0.0019243025871855549 0.06415747693120595 -0.020064445474098445 1.0 0.4546006225477456 -0.5230230076495309 -0.7209603660435088 0.0 1 275 43 2 289 39 3 283 33 
0 0.002302862357610239 0.06379046528197822 -0.019917851011786815 1.0 -0.06548146534676741 0.28480488678963883 -0.9563457887223057 0.0 1 274 42 2 288 39 3 282 32 
0 0.0016261026094694135 0.06376195984446038 -0.02028890237094053 1.0 -0.3592642691412141 0.0741738540759003 -0.9302831613960897 0.0 1 274 44 2 288 40 3 282 33 
0 -0.05241697394551339 -0.01894571644839048 -0.04531289674386061 1.0 0.37197815937949186 -0.09437688238176489 -0.9234305017460472 0.0 1 93 194 2 68 176 3 78 193 
0 -0.051629780656898286 -0.01759998414200978 -0.04686130777472852 1.0 0.19631142570635982 0.41088162045942855 -0.8903015201501487 0.0 1 95 196 2 71 174 3 80 193 
0 -0.0517527673536004 -0.01830891093764013 -0.04575421614976151 1.0 0.24176479294963907 0.7768877122491724 -0.5813724287633659 0.0 1 94 194 2 70 174 3 79 192 
0 -0.052566573477922596 -0.018409293195433534 -0.04590474500537258 1.0 0.9624980410820604 0.19114215476259713 -0.19251415236071945 0.0 1 94 195 2 69 177 3 79 194 
0 -0.056451725299434714 0.002113071605966267 -0.04840099541403389 1.0 0.5223646867326919 0.7274473969892352 -0.44492043058792063 0.0 1 144 204 2 119 186 3 129 204 
0 -0.05666277968493761 0.0017608844425291165 -0.048806937508179556 1.0 -0.18185936642110068 -0.47517717546028904 -0.8608907448115664 0.0 1 143 205 2 118 186 3 128 205 
0 -0.037191733695439294 -0.004440230372268949 -0.052555822411596585 1.0 -0.09656134791668036 0.8432524089785004 -0.5287721773808418 0.0 1 115 183 2 100 135 3 105 162 
0 -0.0367901552147511 -0.003978135361198432 -0.05252780086429011 1.0 -0.0810711102258784 0.9751828552750926 -0.20602069127815142 0.0 1 116 182 2 101 134 3 106 161 
0 -0.048676937920678356 -0.002462734301076363 -0.053379697696873 1.0 0.4198702342246871 -0.07167412627076133 -0.904748826770206 0.0 1 127 202 2 104 165 3 113 190 
0 -0.048911539148088205 -0.0017775106965018748 -0.052994695366964724 1.0 0.19549533753681278 0.5190261553992356 -0.8321010084971993 0.0 1 129 202 2 106 165 3 115 191 
0 -0.04835392717316888 -0.002049209084467206 -0.05319015684242889 1.0 0.3891113426843072 0.20827156781897396 -0.8973371445541296 0.0 1 128 201 2 105 164 3 114 189 
0 -0.04924345366235459 -0.002196336885508684 -0.05316794261658934 1.0 0.5148100738258794 0.4829780095395888 -0.7083089094466095 0.0 1 128 203 2 105 166 3 114 192 
0 -0.04666246690578237 0.026490519889425083 -0.05023939285795191 1.0 0.33896896633643286 0.6107110929723742 -0.7156330312839536 0.0 1 197 190 2 180 159 3 186 180 
0 -0.04633892773099764 0.026093055301978328 -0.04999724967018701 1.0 0.010116820322098041 0.5514943707133082 -0.83411652788645 0.0 1 196 189 2 179 158 3 185 179 
0 -0.01799333519229291 0.01358978769682057 -0.044375190974991666 1.0 0.7503321005666373 0.021974654003146604 -0.6606948639112398 0.0 1 151 133 2 151 86 3 149 106 
0 -0.018002549260295708 0.014397819021531831 -0.04444104280101816 1.0 0.5212902155742039 0.22545551181662501 -0.8230583092061582 0.0 1 153 133 2 152 86 3 151 106 
0 -0.017718059532086043 0.013972158724351246 -0.04410154118105631 1.0 0.712758754457911 -0.0003057161782498985 -0.7014083411700665 0.0 1 151 132 2 152 85 3 150 105 
0 -0.008215039836989017 0.014828511124268104 -0.031688707064846736 1.0 0.6234166563391637 -0.1613032558291417 -0.765069694866856 0.0 1 152 91 2 161 65 3 156 72 
0 -0.008257298652736255 0.01458818982452807 -0.032504226035403594 1.0 0.6576916123427716 -0.6497871351321576 -0.3810738453018364 0.0 1 151 93 2 160 65 3 155 73 
0 -0.051979467083106794 0.010128319376068123 -0.04652577361592392 1.0 0.6458250953567065 0.004533670185827454 -0.7634710977049868 0.0 1 161 193 2 140 174 3 149 191 
0 -0.05216455815568828 0.010851763259492534 -0.04623449106691479 1.0 0.049705517466051924 -0.446547926573148 -0.8933773658854061 0.0 1 163 192 2 142 174 3 151 191 
0 -0.051672660011121835 0.01053330143069681 -0.046300205890466344 1.0 -0.07998583776537704 0.3167203479267317 -0.9451398885472682 0.0 1 162 192 2 141 173 3 150 190 
0 -0.05227285569055636 0.010553886064428678 -0.04683498575832462 1.0 0.7398213121800468 0.5106313401820681 -0.43808565852597153 0.0 1 163 194 2 141 175 3 150 192 
0 -0.04224323835634815 0.002946558542937381 -0.04767471789582866 1.0 0.13988139638547806 -0.21541615732555516 -0.9664511506244802 0.0 1 138 180 2 122 149 3 128 169 
0 -0.016883854159178785 -0.008932256214488864 -0.043419576363275744 1.0 0.856525157886177 -0.44613479062140815 -0.2594756248597453 0.0 1 95 132 2 95 85 3 93 105 
0 -0.016139451568077664 -0.007591564928135134 -0.045112977463146034 1.0 0.4066966528882279 -0.08185674170501106 -0.9098878725008461 0.0 1 97 134 2 97 82 3 95 104 
0 -0.016597014020899456 -0.00854161452517113 -0.04316281247364272 1.0 0.7930635075340148 -0.3172224711102333 -0.5200183895672021 0.0 1 96 131 2 96 84 3 94 104 
0 -0.01645910828645524 -0.00800407959050282 -0.04529614481457507 1.0 0.32720491528948703 0.177958771468134 -0.9280443220793402 0.0 1 96 135 2 96 83 3 94 105 
0 0.0003495871578350834 -0.004811441569532251 -0.036919671353100696 1.0 0.9834015412374606 -0.03379431264918772 0.17826736575497465 0.0 1 96 90 2 110 43 3 102 57 
0 -0.00018045666648665965 -0.004544016983365396 -0.03671429609234029 1.0 0.34034869974451065 0.11678864964993345 -0.9330175866144415 0.0 1 97 90 2 110 44 3 103 58 
0 -0.005580621914368785 -0.00678670882166938 -0.03950324879180323 1.0 0.2786562233463125 0.5702161306361846 -0.7727890464868277 0.0 1 94 105 2 103 57 3 97 74 
0 -0.0059469871603659245 -0.00621454164687242 -0.03877171191726827 1.0 0.2976378325084712 0.07469938397435041 -0.9517512175475139 0.0 1 96 105 2 105 58 3 99 74 
0 -0.005427939160080105 -0.006491935570717088 -0.0389428240956007 1.0 0.46972592799314405 0.13124749753819331 -0.8730007360459352 0.0 1 95 104 2 104 57 3 98 73 
0 -0.006008258911872597 -0.006445038064323652 -0.039539197888997374 1.0 0.2989863629219025 0.025465924735066814 -0.9539168200729037 0.0 1 95 106 2 104 58 3 98 75 
0 -0.01851338025184966 0.03552679397004192 -0.04384039813048061 1.0 0.16577432296781358 0.3940506858288219 -0.9040141747503228 0.0 1 206 130 2 206 86 3 205 104 
0 -0.018405051424442747 0.036380474607771836 -0.04415717220445741 1.0 -0.5586518884212808 0.18810081000339968 -0.8077906596691395 0.0 1 208 130 2 208 86 3 207 104 
0 -0.01760717464758218 0.036232500704354444 -0.04492662138051201 1.0 -0.23426373406719303 0.343569726688264 -0.9094390814312936 0.0 1 207 130 2 208 83 3 206 103 
0 -0.0192692011622992 0.03569724238863452 -0.04316441290388433 1.0 -0.029583276548183213 0.2869001805412347 -0.9575029980925991 0.0 1 207 130 2 207 88 3 206 106 
0 -0.0012970340983434973 0.03916893784795609 -0.037980904813562685 1.0 0.8600361142173456 -0.04567047999300489 -0.5081841689033886 0.0 1 208 88 2 218 43 3 213 56 
0 -0.0008821772297859464 0.04018696351164977 -0.03904544418748576 1.0 0.718691513191313 -0.10597792626783198 -0.6872044751654752 0.0 1 210 89 2 221 42 3 215 56 
0 -0.001108033325879499 0.039503550211453395 -0.03751465713430276 1.0 0.9272776757846153 -0.29796366214482883 -0.22665640165678408 0.0 1 209 87 2 220 43 3 214 56 
0 -0.0011121634989961055 0.03983087464759756 -0.039414196058309536 1.0 0.9612612849344171 -0.210435025317167 -0.17802615890514867 0.0 1 209 90 2 219 42 3 214 57 
0 -0.006782916535290964 0.03744973769652137 -0.041300546369582504 1.0 0.30919486542008895 0.3596463017958748 -0.8803702144888181 0.0 1 205 104 2 213 56 3 208 73 
0 -0.006913543097692529 0.03817726301660507 -0.041102799381320776 1.0 0.1869342063784853 0.7797130337743795 -0.5975799729301804 0.0 1 207 104 2 214 57 3 210 73 
2 -0.02088480129148533 0.012922572405883324 -0.04237122032667445 1.0 0.33536227672937746 -0.46790986958882885 -0.8176742829337665 0.0 0 149 118 1 151 134 3 149 112 
2 -0.020842898762218964 0.013594639778412066 -0.04183997012868889 1.0 0.20435409261713755 -0.44947950933185077 -0.8696011616488633 0.0 0 151 117 1 153 133 3 151 111 
2 -0.02059186846372108 0.013493874794808548 -0.043108967798870336 1.0 0.04291180217926248 -0.4190078582283927 -0.9069671984275222 0.0 0 150 118 1 152 135 3 150 111 
2 -0.021266742152985775 0.013288280156686387 -0.04223015531597492 1.0 0.16695822401250926 -0.42300205904605426 -0.8906137133603803 0.0 0 151 118 1 153 134 3 150 112 
2 -0.029133748461517374 0.012790796486575651 -0.043450120564954384 1.0 -0.6864210073998503 -0.5669842396726995 -0.45536160469724274 0.0 0 152 138 1 156 150 3 151 133 
2 -0.02906157492604201 0.013380238161511607 -0.04257842039189992 1.0 -0.5426615905965182 -0.22187760026681005 -0.8101157511559425 0.0 0 154 137 1 157 148 3 153 132 
2 -0.028763387603153567 0.013205360479233506 -0.04352587933551843 1.0 -0.6037693044620787 -0.3575932843063554 -0.7124525132087469 0.0 0 153 137 1 156 149 3 152 132 
2 -0.02956652985437941 0.013275253327441533 -0.0438179028373763 1.0 -0.4959221006423994 -0.45223021495712595 -0.7413149527323154 0.0 0 153 139 1 157 151 3 152 134 
2 -0.018048801992769873 0.012692286431333997 -0.04141015043454028 1.0 -0.5438396882124328 -0.40991390998265387 -0.7322621123519031 0.0 0 148 110 1 149 127 3 148 104 
2 -0.018020942719891107 0.013396369038430245 -0.041008630408749976 1.0 -0.031182477614959125 -0.8120552239904862 -0.5827456120484191 0.0 0 150 109 1 151 127 3 150 103 
0 -0.005083158925053027 0.05764973282801266 -0.024290917900535627 1.0 0.340425367640182 0.8917103515503969 -0.29826484766075684 0.0 1 261 65 2 271 56 3 267 54 
0 -0.004877089377608658 0.058003976583456976 -0.023849398953139946 1.0 -0.3390670268969022 0.5256492441166971 -0.7802086716017222 0.0 1 262 64 2 272 56 3 268 53 
0 -0.005856662012685258 0.057839571021639585 -0.02351505888829268 1.0 -0.3848924683674127 0.7211535740642002 -0.5760159463752739 0.0 1 262 65 2 272 58 3 268 55 
0 -0.0005488891473753007 0.06082918232394234 -0.023579925453069136 1.0 -0.3841161032881842 0.7697570106077215 -0.509831322695709 0.0 1 267 55 2 279 45 3 274 42 
0 -0.0002697385529840423 0.061215691270753485 -0.02331171813567671 1.0 -0.37253456584416145 0.7752153759040719 -0.5101549930036765 0.0 1 268 54 2 281 44 3 275 41 
0 -0.005996839146582727 0.058177066971399065 -0.0232416140947914 1.0 -0.42621857500730276 0.8521467110467867 -0.30361595734805935 0.0 1 263 64 2 273 59 3 269 55 
0 -0.0003707825501944189 0.061170518658429644 -0.02307054258872014 1.0 -0.3668848098608257 0.790660534859836 -0.49015347962105515 0.0 1 268 54 2 281 44 3 275 41 
0 -0.00014336933587937413 0.06153408819163132 -0.022678167293040365 1.0 -0.302689764479173 0.8187615670883 -0.4878599220236106 0.0 1 269 52 2 282 44 3 276 40 
0 -0.00020138834712329738 0.060984908466796946 -0.024408021916688255 1.0 -0.1499034119860998 0.759389024323428 -0.6331319737548282 0.0 1 267 56 2 280 44 3 274 41 
0 2.428500896148127e-05 0.06134713710370276 -0.024013504439940606 1.0 -0.19644730797808713 0.7622136186758359 -0.6167963286266182 0.0 1 268 55 2 281 43 3 275 40 
0 0.002147822204580268 0.06545026601806272 -0.020780547842413063 1.0 0.3507413181144592 -0.4899080089995578 -0.798103568947812 0.0 1 278 44 2 292 39 3 286 32 
0 0.002393242653719145 0.06502616139776449 -0.02031274095698079 1.0 0.39186190422040246 -0.5640849258141303 -0.7268088320382391 0.0 1 277 43 2 291 38 3 285 31 
0 0.0017826945352623384 0.06502609063417845 -0.020841695473549304 1.0 0.5278040219236261 0.017050605825025433 -0.8491942317137865 0.0 1 277 45 2 291 39 3 285 33 
0 0.002134922574638429 0.0649134855492776 -0.01968614501174781 1.0 -0.07720685722508774 0.086289850688236 -0.9932734378141186 0.0 1 277 42 2 291 39 3 285 32 
0 0.0023208121367493083 0.06446201876821409 -0.01907114336058951 1.0 -0.07019936437624341 0.2849656770319076 -0.9559631429569174 0.0 1 276 40 2 290 39 3 284 31 
0 0.001863963837057081 0.06413099198881635 -0.01991830656086829 1.0 -0.3428005869751125 0.08805442477079291 -0.9352718780616593 0.0 1 275 43 2 289 40 3 283 33 
0 0.0015659139630215366 0.06453319008347211 -0.020259590024825143 1.0 -0.3461410632879906 -0.02036417054596032 -0.9379610828412543 0.0 1 276 44 2 290 40 3 284 33 
0 -0.05196841151731192 -0.014857572195174976 -0.04476851277089294 1.0 0.3656059816777614 -0.22354639935182027 -0.903525269499965 0.0 1 103 192 2 79 175 3 88 192 
0 -0.051192470209137635 -0.014155767511298867 -0.045424595692487676 1.0 0.8752732394706486 0.19034741225213872 -0.44459392943948034 0.0 1 103 192 2 80 173 3 90 190 
0 -0.05230360662573195 -0.014441071297606191 -0.045009295918519474 1.0 0.3640338742860776 -0.036925406522867826 -0.9306527239542615 0.0 1 104 193 2 80 176 3 89 193 
0 -0.05250417321402054 -0.013941148671488818 -0.045504118519484785 1.0 0.031941464252930096 0.550003585674933 -0.8345505108673122 0.0 1 105 194 2 81 176 3 90 193 
0 -0.05304708601584858 -0.013436271995546187 -0.044537070887339256 1.0 0.0051894835911648896 0.6334657148552525 -0.773752550461044 0.0 1 107 193 2 82 178 3 92 194 
0 -0.05220220175746436 -0.013536103093393656 -0.045260860409183964 1.0 0.8376753900030762 0.2690246548967238 -0.47531542103109126 0.0 1 106 193 2 82 176 3 91 192 
0 -0.05263121797821251 -0.01339654232691759 -0.04613645207346896 1.0 0.11577018808190492 0.5598047156624102 -0.8204965827087494 0.0 1 106 195 2 81 176 3 91 194 
0 -0.04260551384438373 -0.021680975565928205 -0.045886760122716315 1.0 -0.007992540299797568 0.4942837697627259 -0.8692631814641988 0.0 1 80 180 2 61 151 3 68 171 
0 -0.049931797226516555 -0.019246954140216564 -0.04739820146541772 1.0 -0.3088204937528051 0.2422134269275513 -0.9197618090599571 0.0 1 90 194 2 66 169 3 75 189 
0 -0.05018757474026314 -0.018569424640056547 -0.04697235315831874 1.0 0.20946781958102328 0.5913435437802448 -0.7787391713371759 0.0 1 92 194 2 68 170 3 77 190 
0 -0.050549346301476075 -0.019012635513330642 -0.047100734444801354 1.0 0.3258052649313712 -0.40371701678828525 -0.8549047571612443 0.0 1 91 195 2 67 171 3 76 191 
0 -0.052785007843856854 -0.014729283480014545 -0.04243036908279927 1.0 0.23077037538231537 0.7802081980228279 -0.5813938725026908 0.0 1 104 188 2 81 177 3 91 191 
0 -0.05009699116514118 -0.019353618375941753 -0.04708423588187287 1.0 0.15199944629519357 0.5775734567688608 -0.8020621836130837 0.0 1 90 194 2 66 170 3 75 190 
0 -0.052559792065196724 -0.014600997109295827 -0.044524228885344914 1.0 0.9793714860291826 0.0712433828517342 -0.18909097860496776 0.0 1 104 192 2 80 177 3 89 193 
0 -0.05287864921394534 -0.013956454649075436 -0.04398019652498334 1.0 0.8614310024061165 0.5028931759667005 0.0709553534561636 0.0 1 106 192 2 82 177 3 91 193 
0 -0.05282144349118622 -0.014138536866688235 -0.04490432993688691 1.0 0.8313359105839868 0.4906987104771631 0.26095034869217737 0.0 1 105 193 2 80 177 3 90 194 
0 -0.04960583118085567 -0.026357746119973456 -0.03393531213624737 1.0 0.9303704849871854 0.13963009594195194 -0.33898894662014734 0.0 1 78 169 2 58 171 3 67 177 
0 -0.049230208953142326 -0.02676208306781941 -0.033753236669992435 1.0 0.9399964540187229 -0.02337718555050186 -0.34038137919944034 0.0 1 77 168 2 57 170 3 66 176 
0 -0.05303954122946833 -0.020827177179186317 -0.04319644585649297 1.0 0.9869012492233519 0.12013540315252474 -0.10767095204644855 0.0 1 90 191 2 65 178 3 75 193 
0 -0.0482043390030412 -0.002429906254492067 -0.0460230755850335 1.0 -0.18491554903054747 0.4342387969126804 -0.8816132442066749 0.0 1 129 187 2 109 165 3 117 183 
0 -0.04728338333355359 -0.0024908673023615628 -0.04691217157626661 1.0 -0.02330417762236059 0.5079879254617371 -0.8610481965536261 0.0 1 128 187 2 108 162 3 116 181 
0 -0.04798191604745564 -0.002522433689486439 -0.04726367868601327 1.0 -0.04197006836394862 0.5231322676858767 -0.8512167584382324 0.0 1 128 189 2 108 164 3 116 183 
0 -0.05566311461174038 -6.0965737881843256e-05 -0.047246604488050056 1.0 0.04707448201041864 0.6940125523173077 -0.7184213779179087 0.0 1 139 201 2 114 184 3 124 202 
0 -0.047220497459026234 -0.0030916202844953732 -0.04781631827191445 1.0 0.3633500031921787 -0.019027347878398437 -0.9314576614704957 0.0 1 126 189 2 106 162 3 114 182 
0 -0.04625529621135539 -0.002294086736419209 -0.04885478104255129 1.0 0.8055302952029081 -0.381490478524634 -0.4534147734463826 0.0 1 127 190 2 108 159 3 115 181 
0 -0.047788467028318134 -0.002822726114187757 -0.047603252844788564 1.0 0.17840209932214787 0.25809374805119034 -0.9495046151943636 0.0 1 128 190 2 107 163 3 115 183 
0 -0.05600535202870316 -0.00048759194672422874 -0.047410542127483496 1.0 0.4906910231625686 0.17766208945247522 -0.8530282210624177 0.0 1 138 202 2 113 185 3 123 203 
0 -0.055938868285672176 0.00038081153742749183 -0.047589970898683547 1.0 -0.4961198478670978 0.5963396229448108 -0.6310653152425234 0.0 1 140 202 2 115 184 3 125 203 
0 -0.055846212759307706 -0.000165177434187412 -0.04690518709286506 1.0 0.05296866707932635 -0.20062095792515655 -0.978235339885726 0.0 1 139 200 2 114 184 3 124 202 
0 -0.05687233582100261 -0.00038140022459786754 -0.04665449462025083 1.0 0.21224607386042582 0.048182500066468875 -0.9760270237810795 0.0 1 139 201 2 114 187 3 124 204 
0 -0.04542271442068054 -0.0030092117814180504 -0.04870451392276541 1.0 -0.18164142619413634 0.8833664994628375 -0.4320518271923148 0.0 1 125 188 2 106 157 3 113 178 
0 -0.045731567059306824 -0.003415523149735791 -0.048924078550698136 1.0 -0.12706638710281526 0.8017140606353974 -0.5840440705282024 0.0 1 124 189 2 105 158 3 112 179 
0 -0.02136602396633252 -0.004519029001426432 -0.05485052746214662 1.0 0.5932661698810309 0.2516662785863566 -0.7646555021803386 0.0 1 104 162 2 98 93 3 98 125 
0 -0.045508234280093096 -0.003668645741369305 -0.047661562470757445 1.0 -0.07815585653433857 0.9744247410938297 -0.21068160150303977 0.0 1 124 186 2 105 157 3 112 178 
0 -0.0462447635889859 -0.003280082176185733 -0.04630400663487069 1.0 -0.6878454350591994 0.6110323853097697 -0.39180033559071886 0.0 1 126 185 2 107 159 3 114 178 
0 -0.04608810272365722 -0.0037959697163386418 -0.04572404548997422 1.0 -0.15679141608646116 0.9819602808392152 -0.10568405229846506 0.0 1 125 183 2 106 159 3 113 177 
0 -0.04627727829451329 -0.0035215634401860357 -0.047058847223101184 1.0 -0.7143339385212873 0.5664622069395803 -0.410910070853295 0.0 1 125 186 2 106 159 3 113 179 
0 -0.02007127961182339 -0.0034669312067293523 -0.05670384031210899 1.0 0.5736758580379481 0.8082741412106079 0.13262002036556536 0.0 1 105 163 2 100 89 3 99 123 
0 -0.020925826796850816 -0.003214899743825153 -0.055003855554628625 1.0 -0.21231681571304772 0.9769997862456686 -0.0197902304962769 0.0 1 107 161 2 101 92 3 101 124 
0 -0.021300639157988698 -0.0040777772996996465 -0.053303649302748474 1.0 0.5633622799178504 0.8018689096282452 -0.19906812636222915 0.0 1 106 159 2 100 93 3 100 123 
0 -0.02104993505686392 -0.0034957619778825874 -0.05558486715082713 1.0 0.45599239699053645 0.7848726265502917 -0.41957672424838216 0.0 1 106 163 2 100 92 3 100 124 
0 -0.032080360545129964 -0.0036554128341957865 -0.05578834285446918 1.0 0.30580967346185706 0.9520763329195494 0.0054659511434472785 0.0 1 113 181 2 100 121 3 103 152 
0 -0.03359992379012378 -0.003792899144135431 -0.052828599628664895 1.0 -0.12066567630436334 0.985255805780995 0.12128241953341887 0.0 1 114 178 2 101 125 3 105 153 
0 -0.051609016792304334 0.0010614338534714262 -0.053108843747548276 1.0 0.27505244570690734 0.37539708651911774 -0.8851111961660929 0.0 1 137 206 2 113 172 3 122 197 
0 -0.051477873903624356 0.0019581800127412854 -0.053410098177259564 1.0 0.6529201368623463 -0.13918877392358067 -0.7445270381794103 0.0 1 139 206 2 115 172 3 124 197 
0 -0.050734922979942934 0.0017901031185228312 -0.053950336907390664 1.0 -0.5371163560255217 0.07582483562753622 -0.8400929773022467 0.0 1 138 206 2 114 170 3 123 196 
0 -0.03744893212638545 -0.007058100674722799 -0.048483777770058974 1.0 0.4207585737324832 -0.1462549892432655 -0.8953046041594988 0.0 1 111 176 2 96 136 3 101 159 
0 -0.037897012219289684 -0.006510671298877786 -0.0476646271415674 1.0 0.9850338300531533 -0.13938131903934442 0.1013953081306937 0.0 1 113 175 2 98 138 3 103 160 
0 -0.037392675246531795 -0.006811279067189251 -0.0477664169634243 1.0 -0.37066683197739186 -0.05522029632595121 -0.9271225294057635 0.0 1 111 174 2 97 136 3 102 158 
0 -0.04656837004806187 -0.004000470084767155 -0.052270203676046574 1.0 0.31051900343231154 -0.7452850049924815 -0.5900227481060442 0.0 1 122 197 2 101 159 3 109 184 
0 -0.046498196559956254 -0.003133601270695603 -0.05246388931460058 1.0 0.8330344656338988 -0.04206293713863449 -0.5516187865471032 0.0 1 124 197 2 103 159 3 111 184 
0 -0.046514028541097194 -0.0037476639908697314 -0.05156774967855611 1.0 0.4004369168191025 -0.11473101094781665 -0.9091125922798453 0.0 1 123 195 2 102 159 3 110 184 
0 -0.04694348415736631 -0.003620573833214432 -0.052420536757243154 1.0 0.42362513970366356 0.15839859969589276 -0.8918801815142846 0.0 1 123 198 2 102 160 3 110 185 
0 -0.05205284981096547 0.0016302204301409519 -0.05233475937188977 1.0 0.18760383134220637 0.5960686157520008 -0.7807084384626783 0.0 1 139 205 2 115 173 3 124 197 
0 -0.052571272988216386 0.0021585143141809615 -0.051421313851993465 1.0 -0.5272179036860575 0.29503258303362045 -0.7968667193899386 0.0 1 141 204 2 117 175 3 126 198 
0 -0.05172243960995225 0.00204784403514279 -0.0521569675809193 1.0 0.12280262873063064 0.7624859344472183 -0.635242763274169 0.0 1 140 204 2 116 173 3 125 196 
0 -0.05286678685824894 0.0017604524982189813 -0.05166555518481107 1.0 -0.5640891843977955 0.37092458817800744 -0.7377112330722448 0.0 1 140 205 2 116 176 3 125 199 
0 -0.03570265398035991 -0.005132532393890242 -0.052011563304970976 1.0 -0.10741263048956176 0.9076052581859342 -0.40584963444819344 0.0 1 113 180 2 98 131 3 103 158 
0 -0.035096869822945485 -0.004541700109527614 -0.0523899586513008 1.0 -0.21617112107602654 0.4759618430551511 -0.8524842495816329 0.0 1 114 179 2 100 129 3 104 157 
0 -0.046843114538039764 -0.003148266077378527 -0.05264133045597479 1.0 0.336140074289105 0.5790446773189895 -0.7427757035820044 0.0 1 124 198 2 103 160 3 111 185 
0 -0.04706732806410599 -0.002457514025832866 -0.0522743302577439 1.0 0.5082541861536101 0.2663165377364837 -0.8189944066814344 0.0 1 126 198 2 105 160 3 113 186 
0 -0.0464970222508966 -0.002720779432754904 -0.05249608293865836 1.0 0.8073741811817097 0.19476123394873918 -0.5569685545905544 0.0 1 125 197 2 104 159 3 112 184 
0 -0.046971863867827646 -0.002622285623679458 -0.053259039506495374 1.0 0.3548486767638064 -0.21891648266392796 -0.9089315879774638 0.0 1 126 199 2 104 160 3 112 186 
0 -0.05143640488345532 0.001388574383411781 -0.0526363769064112 1.0 -0.24550118803976306 0.43210786488159925 -0.8677620861968641 0.0 1 138 205 2 114 172 3 123 196 
0 -0.05165718169840773 0.002085015714029919 -0.05227919103533284 1.0 -0.08491379842274038 0.5917878407498566 -0.8016081583005381 0.0 1 140 204 2 116 172 3 125 196 
0 -0.050885499727479015 0.0019321470567526234 -0.05287285841848412 1.0 -0.351141920960671 0.720599490691501 -0.5978584729690739 0.0 1 139 204 2 116 170 3 125 195 
0 -0.05203240762402069 0.0016418804162590729 -0.05237299102056874 1.0 -0.20490515135688325 0.447144810720927 -0.8706746930063813 0.0 1 139 205 2 115 173 3 124 197 
0 -0.03708356102061939 -0.0066164641211003015 -0.04837974777875205 1.0 0.3308971041829962 0.29043992854226797 -0.897858783059188 0.0 1 111 175 2 97 135 3 102 158 
0 -0.03656627336126931 -0.006079304416070573 -0.048578007329411095 1.0 -0.48392461220010724 0.8716622487771752 -0.07759367662143765 0.0 1 112 174 2 98 134 3 103 157 
0 -0.03726148140653811 -0.00611153421960195 -0.04892358833755445 1.0 0.9570561378877811 -0.23179221101251607 0.17411412939810156 0.0 1 113 176 2 98 136 3 103 159 
0 -0.046439052647186084 -0.0037026906129812537 -0.05171084958668287 1.0 0.3655590636609475 0.16729264277411274 -0.9156300451912573 0.0 1 123 196 2 102 159 3 110 184 
0 -0.04644216188125897 -0.002879237661829858 -0.051765224347416275 1.0 0.25290304986487744 0.0840350448035084 -0.9638344438522859 0.0 1 125 196 2 104 159 3 112 184 
0 -0.04651592573796657 -0.00352818258252479 -0.0507564589615509 1.0 0.4532497067780693 0.11044685328403289 -0.8845138954885249 0.0 1 124 194 2 103 159 3 111 183 
0 -0.052293786993189754 0.0012636464915119262 -0.05267983342737491 1.0 -0.021737604873569016 0.47877897579052053 -0.8776656480894371 0.0 1 138 206 2 114 174 3 123 198 
0 -0.05286033210004032 0.0017641212642209808 -0.05167760849867674 1.0 -0.4867830490356817 0.5226648758441705 -0.6999021494635955 0.0 1 140 205 2 116 176 3 125 199 
0 -0.05199957648922333 0.0016606069144078806 -0.052434392885970696 1.0 -0.0515582740198971 0.6848302729425096 -0.7268755175597199 0.0 1 139 205 2 115 173 3 124 197 
0 -0.05302704356354546 0.0014393740479885166 -0.05216200381215529 1.0 -0.2656804231139245 0.4395733319602161 -0.8580141599897326 0.0 1 139 206 2 115 176 3 124 200 
0 -0.03793401246687365 -0.006533908835841901 -0.04759133112662133 1.0 0.9504102434475036 -0.21510530956553556 -0.22460962430723663 0.0 1 113 174 2 98 138 3 103 160 
0 -0.047255057365141455 -0.0036151993849070805 -0.05266174611506072 1.0 0.5423765393586126 0.4791974250430451 -0.69006971852107 0.0 1 124 199 2 102 161 3 110 186 
0 -0.04717582056961803 -0.0027436431348144205 -0.052871567122325644 1.0 0.6180156749942309 0.3646998683525694 -0.6964548596537381 0.0 1 125 199 2 104 161 3 112 186 
0 -0.0470437504403663 -0.0032680642411998502 -0.05225957072391788 1.0 -0.26902818682447555 0.36569036097278335 -0.8910070303666815 0.0 1 124 198 2 103 160 3 111 186 
0 -0.04759484483800019 -0.0032144958578825336 -0.05287868949038879 1.0 0.6009304989940744 -0.08307571027365135 -0.7949714776105435 0.0 1 125 200 2 102 162 3 111 187 
0 -0.03687014822409893 0.023301105309495525 -0.04708444384868623 1.0 0.8874136032523496 -0.35110632314806783 -0.2986982958631646 0.0 1 185 168 2 174 134 3 177 154 
0 -0.03466892038610956 0.023889325435596916 -0.05057966252301117 1.0 0.22914504358627721 0.558474321636483 -0.7972437705935727 0.0 1 184 172 2 173 127 3 176 151 
0 -0.0347160684683376 0.02466856641479455 -0.05055442249305807 1.0 0.07120509713993217 0.6526314510277733 -0.7543213680562562 0.0 1 186 172 2 175 127 3 178 151 
0 -0.033721417639226585 0.024625411969902113 -0.0516520455749972 1.0 0.6223126569666944 0.018734069949768728 -0.7825437351446255 0.0 1 185 172 2 174 124 3 177 150 
0 -0.035216296529060026 0.02416766116012269 -0.05037608643409822 1.0 -0.1448256621439668 0.5950911724870593 -0.7905004243427084 0.0 1 185 172 2 174 129 3 177 153 
0 -0.02315361955865086 0.01466641549800651 -0.05136281658223112 1.0 0.7913361092238755 0.2099408040478517 -0.5742046413809733 0.0 1 154 155 2 149 97 3 149 124 
0 -0.023574864468509482 0.015228231259562198 -0.05056571839121131 1.0 0.7953262922991509 0.03329808602150655 -0.6052654394546653 0.0 1 156 155 2 151 99 3 151 125 
0 -0.01040441532058072 0.013608574642132608 -0.035144617056391325 1.0 0.7015482598291272 -0.6467137513478463 -0.2993163975648798 0.0 1 149 102 2 156 69 3 152 80 
0 -0.01662825140136345 0.012666822637641437 -0.04088504060419146 1.0 0.676230569206147 0.023777745257725552 -0.7363053656878131 0.0 1 149 124 2 150 84 3 148 100 
0 -0.016072485065586905 0.013819451123573889 -0.04217907814380183 1.0 0.7506352693532177 0.016694247231290815 -0.6605049919446843 0.0 1 151 126 2 152 82 3 150 99 
0 -0.016401780378085623 0.01302050015775349 -0.04050120784412787 1.0 0.6401209817054188 -0.0012980909104816363 -0.7682721936374864 0.0 1 150 123 2 151 83 3 149 99 
0 -0.025162743492163374 0.014306787635302355 -0.04726869071079446 1.0 0.30525876667789265 0.21058113058687944 -0.928693341508775 0.0 1 156 151 2 151 104 3 151 126 
0 -0.02511251687231597 0.015147452137819848 -0.04745104833638545 1.0 0.9054080794218651 0.056497731103336474 -0.4207652699338811 0.0 1 158 151 2 153 103 3 153 126 
0 -0.024272228668939726 0.015046024297405446 -0.04827531116297977 1.0 0.2592537128818493 -0.6102991762852399 -0.7485459763476765 0.0 1 157 151 2 152 101 3 152 125 
0 -0.008449281665131174 0.01582435198382931 -0.04057037125518079 1.0 -0.05663316955276615 -0.09141447470105979 -0.9942006962447718 0.0 1 152 109 2 158 62 3 154 79 
0 -0.008615161873012901 0.015509699066881266 -0.041088759778006904 1.0 0.16183968617007088 -0.1899553985444112 -0.9683612958053197 0.0 1 151 110 2 157 63 3 153 80 
0 -0.015350450878603936 0.014254482771403643 -0.04374498105445741 1.0 0.3349222032046736 0.0660267699650072 -0.9399288425102782 0.0 1 151 127 2 153 79 3 150 99 
0 -0.01547786331831386 0.014991174767960098 -0.04355691466304608 1.0 0.5504346667074459 0.22648293598984653 -0.8035706742485695 0.0 1 153 127 2 155 80 3 152 99 
0 -0.015321753827336472 0.014488210750986717 -0.042936262308609176 1.0 0.635718079175503 -0.004684137452176412 -0.771906275773651 0.0 1 152 126 2 154 79 3 151 98 
0 -0.016041081156935758 0.014436226606950065 -0.043206577868294065 1.0 0.11814094668211012 -0.023703293700352207 -0.992713272397442 0.0 1 152 127 2 153 81 3 151 100 
0 -0.02312919727095641 0.014497662351020492 -0.050535262054708895 1.0 0.3968698833326699 0.03342620303513458 -0.9172652938452007 0.0 1 154 154 2 149 97 3 149 124 
0 -0.004969771020728881 0.01754180529441898 -0.028830070044471 1.0 0.6870000006918271 -0.19073905224364887 -0.701176426140492 0.0 1 158 80 2 169 57 3 164 62 
0 -0.004819266033582339 0.017023922501410153 -0.0281461155662604 1.0 0.7426068032077422 0.023954128579866146 -0.6692982698254889 0.0 1 157 78 2 168 57 3 163 61 
0 -0.005035571562420219 0.01728609303220114 -0.02960226461497499 1.0 0.4829156480564273 -0.782391516389258 -0.3932616162779688 0.0 1 157 82 2 168 57 3 163 62 
0 -0.006908928782657029 0.015667777543684435 -0.030912084768925912 1.0 0.4803653742487834 -0.76231770438617 -0.43372747249067456 0.0 1 154 88 2 163 62 3 158 68 
0 -0.007121432772187121 0.014924845881628554 -0.029401934762255482 1.0 0.691884340782674 -0.5644231687711279 -0.4502459384820621 0.0 1 152 85 2 162 63 3 157 68 
0 -0.007292511642573847 0.015216486761934824 -0.030949854007119405 1.0 0.5525580634859625 -0.7780502922310858 -0.29885802014598917 0.0 1 153 88 2 162 63 3 157 69 
0 -0.007701057098918848 0.014137145521310315 -0.029911391362016152 1.0 0.6747509816314665 -0.6736096085741468 -0.30159595067609446 0.0 1 151 87 2 160 64 3 155 70 
0 -0.007172036668680418 0.015290944946666517 -0.031225681061085347 1.0 0.6188959374729748 -0.6208856374494403 -0.4811108204824522 0.0 1 153 89 2 162 62 3 157 69 
0 -0.007435944856141118 0.014515665409246837 -0.029600031423773574 1.0 0.5565200496286289 -0.6985021426685407 -0.4498654579945818 0.0 1 152 86 2 161 64 3 156 69 
0 -0.007747757110165725 0.014720692162221174 -0.030824465093241465 1.0 0.6243503618408079 -0.6550546093943261 -0.42554539960007776 0.0 1 152 89 2 161 64 3 156 70 
0 -0.05133123330029132 0.013592698276204017 -0.04715219422989211 1.0 0.7199415980592363 0.2832391968026741 -0.6336075273399553 0.0 1 169 192 2 149 172 3 157 190 
0 -0.04569779992476838 0.004672175009029779 -0.04123162072290764 1.0 0.46002085813545635 0.648940054339908 -0.606016747243243 0.0 1 146 173 2 130 159 3 137 172 
0 -0.045555527241836175 0.005584248614246378 -0.041574620171299245 1.0 0.21776433495319938 0.44458527421445043 -0.8688620680572839 0.0 1 148 173 2 132 158 3 139 172 
0 -0.04536387274775852 0.005094179848913822 -0.04105522320274245 1.0 0.2917889369392369 0.5095537528204597 -0.8094521771224196 0.0 1 147 172 2 131 158 3 138 171 
0 -0.04606892384837264 0.005060136952780255 -0.04140112831887496 1.0 0.1826155132010543 0.9801122514961931 -0.07765452804114525 0.0 1 148 174 2 131 160 3 138 173 
0 -0.05081945811603957 0.008589839727074857 -0.04609569089839314 1.0 0.11666098146959464 0.4955979445676419 -0.8606808950736025 0.0 1 157 190 2 137 171 3 145 188 
0 -0.050694850477919294 0.009482305758444344 -0.04639193514764489 1.0 0.590151125009857 -0.0006528271343708147 -0.8072917106164829 0.0 1 159 190 2 139 171 3 147 188 
0 -0.05054216691909204 0.009328752211602525 -0.04748851456278027 1.0 0.3317784657436209 0.7477590266757778 -0.5751331430919809 0.0 1 158 192 2 138 170 3 146 189 
0 -0.050244051447605124 0.015637069584643736 -0.04849578370806581 1.0 0.8592910409354761 -0.007673925847554192 -0.5114284675989127 0.0 1 173 193 2 153 169 3 161 188 
0 -0.0498241789360741 0.015283011521737423 -0.04843041649273728 1.0 0.5173092122307824 -0.1222356450223139 -0.8470231835152396 0.0 1 172 192 2 152 168 3 160 187 
0 -0.04218083601800876 0.006913620322394706 -0.04727049358918272 1.0 0.20537419017997013 0.1255236731379255 -0.9705997887712322 0.0 1 148 179 2 132 148 3 138 168 
0 -0.0421183789485913 0.007770834225552968 -0.04745765975043901 1.0 -0.06755287605058374 0.27294883008065196 -0.9596533037085702 0.0 1 150 179 2 134 148 3 140 168 
0 -0.041942174538230674 0.0072786401672034935 -0.04691714850225694 1.0 0.10562012061493281 0.26136925131130423 -0.959442161565861 0.0 1 149 178 2 133 148 3 139 168 
0 -0.04248039898589387 0.007335626273946481 -0.04756967511901874 1.0 -0.054032097755581765 0.2395167059573022 -0.9693870177400977 0.0 1 149 180 2 133 149 3 139 169 
0 -0.0492955183026819 0.009662372391777639 -0.04818488683110498 1.0 -0.13561657432187274 0.5404929214378515 -0.8303459864197306 0.0 1 158 192 2 138 167 3 146 186 
0 -0.05022254163395833 0.009977526634021544 -0.04648151381602706 1.0 -0.1703167418304109 0.8722790332203523 -0.45838876336463985 0.0 1 160 190 2 140 169 3 148 187 
0 -0.04926238320173084 0.009916692887886033 -0.04744117918709791 1.0 -0.3800134874385907 0.500439294786267 -0.7779135387171794 0.0 1 159 190 2 139 167 3 147 186 
0 -0.04985484894247813 0.009941216442323373 -0.04798716360229388 1.0 -0.33377718630444336 0.4548666044871653 -0.8256441971677018 0.0 1 159 192 2 139 168 3 147 187 
0 -0.05231006664014082 0.014306489043684808 -0.045388105192973274 1.0 0.6200432669723928 0.7186794769518727 -0.3147142825382595 0.0 1 172 190 2 152 175 3 160 191 
0 -0.04574917818392673 0.005242497659371438 -0.04202356810124238 1.0 0.48798606737962924 0.8723667507011305 0.02906575632421693 0.0 1 148 175 2 131 159 3 138 173 
0 -0.04396378659654665 0.005938550875523592 -0.04964359265315835 1.0 0.21928669618934893 0.1347811140373291 -0.9663053802817143 0.0 1 146 187 2 128 153 3 134 175 
0 -0.044401786614100346 0.006509731591756677 -0.048860186819895415 1.0 0.10734117017966255 0.4840659319149889 -0.8684219972500905 0.0 1 148 186 2 130 154 3 136 175 
0 -0.04409912333803839 0.0060897500635858385 -0.04856912572970402 1.0 -0.5756373888649317 -0.11454125874875033 -0.8096428625321228 0.0 1 146 185 2 129 153 3 135 174 
0 -0.04490589163623146 0.005993635920890739 -0.04869943270287562 1.0 0.755553982347739 -0.05488264847882812 -0.6527824517164196 0.0 1 147 186 2 129 155 3 135 176 
0 -0.018358261994411353 -0.004374141412985712 -0.058365535200251895 1.0 0.8363783909423874 -0.46365994324569126 -0.2923863626376059 0.0 1 101 164 2 96 84 3 95 120 
0 -0.017396104566202494 -0.004347216388379693 -0.05946109039552412 1.0 0.8226125017876469 -0.3866426631662826 -0.4169114607396073 0.0 1 100 165 2 96 81 3 94 119 
0 -0.019164866626314597 -0.00510762528787095 -0.05752000630614688 1.0 0.8570183053456208 -0.44561098887377715 -0.2587463423132622 0.0 1 100 164 2 95 86 3 94 121 
0 -0.012965467403111062 -0.01109419583099306 -0.02665189899248747 1.0 0.6183083182485014 -0.7020122890072188 -0.3533728842035959 0.0 1 93 94 2 101 80 3 97 83 
0 -0.0159884888182823 -0.009656482615086445 -0.03980868680339739 1.0 0.8519587476007429 -0.4451472327295418 -0.27569804469642256 0.0 1 94 124 2 96 84 3 93 100 
0 -0.023487911613850138 -0.007366604861601165 -0.049437069405761085 1.0 0.7189519448102959 0.15219890478525772 -0.6781905434119256 0.0 1 100 155 2 95 100 3 95 126 
0 -0.021320403139811386 -0.006973021671988122 -0.051253584532031056 1.0 0.9494357142741897 -0.07625556409909226 0.3045601253638828 0.0 1 99 155 2 94 94 3 94 122 
0 -0.021199114853256904 -0.006070678026571215 -0.05158697812531754 1.0 0.6355207435390628 -0.7600821176940664 -0.13560054518017647 0.0 1 101 155 2 96 93 3 96 122 
0 -0.02092164137358795 -0.006509173547878269 -0.05123917625461265 1.0 0.5650126482735174 -0.2958601473803656 -0.7702117584085895 0.0 1 100 154 2 96 93 3 95 121 
0 -0.021469138366516035 -0.006448342254399854 -0.05187016389292835 1.0 0.9714076505434897 -0.053594268518896364 0.23128934253529063 0.0 1 100 156 2 95 94 3 95 123 
0 -0.010158295360481748 -0.008919687677766767 -0.03206905152180347 1.0 0.7898172648919412 -0.08266509692001861 -0.6077450792714263 0.0 1 95 99 2 102 71 3 98 80 
0 -0.010148665628504208 -0.009102718182259415 -0.033005465449635694 1.0 0.9819216154526127 -0.0364154535019362 0.18575188010586646 0.0 1 94 101 2 101 71 3 97 81 
0 -0.014950412580962445 -0.00938668082814747 -0.04021014998330291 1.0 0.5587650292798928 -0.8143728435867008 -0.15677169795943996 0.0 1 94 123 2 96 81 3 93 98 
0 -0.01461083495284611 -0.008958833026282928 -0.04006566508675271 1.0 0.7508226044400257 -0.07267990537924074 -0.6564921136811039 0.0 1 94 122 2 97 80 3 94 97 
0 -0.024178951195840348 -0.008025613879297976 -0.04884928218267357 1.0 0.3394770324819971 0.21178898713786484 -0.9164602610413056 0.0 1 100 155 2 93 102 3 94 127 
0 -0.024404618216811173 -0.007349438606425263 -0.04845910167268083 1.0 0.7797623365522839 0.4342164922385976 -0.4510274475065012 0.0 1 101 155 2 95 103 3 96 127 
0 0.008262167110761137 0.005190038659990393 -0.07984972814753598 1.0 0.9878286487917174 -0.08556914387681229 0.12989354559319188 0.0 1 98 162 2 106 4 3 97 67 
0 -0.006381806266426072 -0.009985516233855001 -8.717335347223831e-05 1.0 0.9890911786785177 -0.08957708451491228 0.11693769875572821 0.0 1 102 33 2 120 72 3 114 49 
0 -0.0022167348497538516 -0.007896648059788654 -0.023983575495514328 1.0 0.9935103993391139 0.06351762493049021 0.09435274850392195 0.0 1 95 70 2 110 54 3 103 55 
0 -0.001400568650101356 -0.006458563117467207 -0.026026570560164684 1.0 0.99459350906664 0.08216456440411275 0.0635023676527034 0.0 1 97 72 2 112 51 3 105 54 
0 -0.00279381063618105 -0.008128762170016533 -0.02166265436942002 1.0 0.9929260257083791 0.08295400770087405 0.08494924506431184 0.0 1 96 67 2 111 56 3 104 54 
0 -0.0016154301381413935 -0.006799400955735998 -0.02646705131394885 1.0 0.9961324809741364 -0.08785331641626877 -0.001266632552761715 0.0 1 96 73 2 111 52 3 104 55 
0 -0.009197570218327596 -0.0064541756592423494 -0.04001374433286107 1.0 -0.057678086034005704 0.4410532654206137 -0.8956249891852315 0.0 1 97 113 2 103 66 3 99 83 
0 -0.008715781921978619 -0.006758920436880521 -0.04009706554861952 1.0 0.12174844720351877 0.7655656720898971 -0.6317318823957765 0.0 1 96 112 2 103 65 3 98 82 
0 -0.009728772331866937 -0.007015561750773105 -0.03972444737729213 1.0 0.4009051156308524 0.15551259461525707 -0.9028231027519419 0.0 1 96 113 2 102 68 3 98 84 
0 -0.01379701879689576 -0.008360917115052042 -0.04365835291807795 1.0 0.06771477973290979 0.5080636443435212 -0.8586528882839523 0.0 1 94 128 2 96 77 3 93 97 
0 -0.01457556764739135 -0.008069288125432993 -0.04205008571229035 1.0 0.9810234719247874 0.1286077547349381 -0.14509503700888055 0.0 1 96 126 2 98 79 3 95 98 
0 -0.014260370821749685 -0.0070212606513646485 -0.04282826251860502 1.0 0.06104580139058208 0.39736073342684153 -0.91562908824918 0.0 1 98 127 2 100 78 3 97 98 
0 -0.014429514092024573 -0.007775803409098901 -0.04148539696405706 1.0 0.03791007195832108 -0.020808356266710876 -0.9990639028996856 0.0 1 97 124 2 99 79 3 96 97 
0 -0.014666022676885593 -0.007493384715833664 -0.042825008689881025 1.0 0.6358360417477582 0.031190902971932888 -0.7711928247357172 0.0 1 97 127 2 99 79 3 96 99 
0 -0.0033492044839174 -0.005977297565648955 -0.037970577545218175 1.0 0.1578296920510583 0.022360190838947747 -0.987212514117327 0.0 1 95 98 2 106 52 3 100 67 
0 -0.0036322421399664073 -0.0053463878722066205 -0.037423695329128065 1.0 0.4845250770716858 -0.1480787100077909 -0.8621524136161246 0.0 1 97 98 2 108 53 3 102 67 
0 -0.003106380576070122 -0.00561861442429802 -0.037613463090009965 1.0 0.007105326043112481 0.2754379395761335 -0.9612919934446572 0.0 1 96 97 2 107 51 3 101 66 
0 -0.004008564658859615 -0.005800238133801434 -0.037474868199537215 1.0 0.003700641914663516 0.033819539249035 -0.9994205415885008 0.0 1 96 99 2 107 54 3 101 68 
0 -0.013278665876810779 -0.007810274671062537 -0.04390959570831227 1.0 0.1841533131911131 0.07822090675702989 -0.979779446443399 0.0 1 95 127 2 97 75 3 94 96 
0 -0.013761087939317775 -0.00731451379272331 -0.04294607498107342 1.0 -0.7698578404579218 -0.05601159293198921 -0.6357527218508287 0.0 1 97 126 2 99 77 3 96 97 
0 -0.014511678804994405 -0.008217354947351475 -0.0430711020555806 1.0 0.3472455130448644 0.03331206519802962 -0.9371816808413076 0.0 1 95 128 2 97 79 3 94 99 
0 -0.014635456012517709 -0.007472343049535275 -0.04289158457739257 1.0 0.5174343388647945 0.09118156562851557 -0.8508503258034084 0.0 1 97 127 2 99 79 3 96 99 
0 -0.014179451988828891 -0.00779562763881442 -0.04291434006692317 1.0 0.2750535457536367 -0.2504155402814585 -0.9282436489585262 0.0 1 96 127 2 98 78 3 95 98 
0 -0.014815022181422301 -0.007788808864611639 -0.04338064831368764 1.0 0.7715992963809553 -0.3280530355251443 -0.5449904967427639 0.0 1 96 129 2 98 79 3 95 100 
0 -0.0039153833850598336 -0.00656696352614253 -0.03758556460568477 1.0 0.9261344967077001 0.04995270758904502 -0.3738701467494363 0.0 1 94 99 2 105 54 3 99 68 
0 -0.004061672838414763 -0.005838008550573558 -0.03735306390150933 1.0 0.3376236217635197 -0.26253530899130634 -0.9039270692591855 0.0 1 96 98 2 107 54 3 101 68 
0 -0.0033405174057222807 -0.005971096590374851 -0.03799053726327616 1.0 0.0738108088883444 -0.01906855207551142 -0.9970893460045426 0.0 1 95 99 2 106 52 3 100 67 
0 -0.025789556819556542 0.03481329519297119 -0.045389892538286396 1.0 0.1117470410553601 0.11798677394478961 -0.9867068904111777 0.0 1 208 145 2 204 105 3 204 124 
0 -0.02565297477713042 0.035126501047225624 -0.04483235164354681 1.0 0.7173058460410306 0.44076862014006857 -0.5396241692488362 0.0 1 209 144 2 205 104 3 205 123 
0 -0.026222825224203345 0.035150747611495496 -0.045408382635140125 1.0 0.36156079212288605 0.31746302723334496 -0.8766354171912445 0.0 1 209 146 2 205 106 3 205 125 
0 -0.013911358369067406 0.037185789608296535 -0.047499183340254936 1.0 -0.5798137398565069 0.19518758776243533 -0.7910230442860197 0.0 1 207 129 2 209 73 3 206 96 
0 -0.014081133216009465 0.03789029258172498 -0.047218106577644754 1.0 -0.4628823018726616 0.2119383817190433 -0.8607099106246419 0.0 1 209 129 2 211 73 3 208 96 
0 -0.013361408235821609 0.037707343087078744 -0.04783486663294711 1.0 -0.5306927489614705 0.16289061472614344 -0.831764040627099 0.0 1 208 129 2 210 71 3 207 94 
0 -0.014619008885035936 0.03737521971502105 -0.04691057856901491 1.0 -0.4203265028896683 0.5151997587956378 -0.7469230833295772 0.0 1 208 129 2 210 75 3 207 97 
0 -0.02634818138215535 0.03548782732420866 -0.04518707372394422 1.0 -0.11216731609072245 0.6776684626766037 -0.7267618434565928 0.0 1 210 146 2 206 106 3 206 125 
