10
10
0.063 -0.0735 0.075 1 156 243
0.063 -0.1745 0.075 1 279 245
0.173 -0.0735 0.075 1 143 201
0.173 -0.1745 0.075 1 245 205
0.021 -0.021 0 1 74 365
0.021 -0.042 0 1 108 359
0.021 -0.063 0 1 140 357
0.042 -0.063 0 1 138 341
0.063 -0.021 0 1 77 330
0.084 -0.021 0 1 77 316
10
0.063 -0.0735 0.075 1 157 258
0.063 -0.1745 0.075 1 281 259
0.173 -0.0735 0.075 1 147 191
0.173 -0.1745 0.075 1 250 196
0.021 -0.021 0 1 75 376
0.021 -0.042 0 1 108 370
0.021 -0.063 0 1 139 168
0.042 -0.063 0 1 138 347
0.063 -0.021 0 1 78 333
0.084 -0.021 0 1 79 314
10
0.063 -0.0735 0.075 1 151 279
0.063 -0.1745 0.075 1 275 278
0.173 -0.0735 0.075 1 142 187
0.173 -0.1745 0.075 1 249 193
0.021 -0.021 0 1 69 388
0.021 -0.042 0 1 101 383
0.021 -0.063 0 1 131 379
0.042 -0.063 0 1 131 356
0.063 -0.021 0 1 72 339
0.084 -0.021 0 1 73 316
10
0.063 -0.0735 0.075 1 152 293
0.063 -0.1745 0.075 1 272 289
0.173 -0.0735 0.075 1 145 184
0.173 -0.1745 0.075 1 254 190
0.021 -0.021 0 1 73 384
0.021 -0.042 0 1 104 381
0.021 -0.063 0 1 131 378
0.042 -0.063 0 1 131 353
0.063 -0.021 0 1 75 334
0.084 -0.021 0 1 77 310
10
0.063 -0.0735 0.075 1 156 303
0.063 -0.1745 0.075 1 275 298
0.173 -0.0735 0.075 1 153 178
0.173 -0.1745 0.075 1 265 185
0.021 -0.021 0 1 80 371
0.021 -0.042 0 1 109 368
0.021 -0.063 0 1 135 341
0.042 -0.063 0 1 135 365
0.063 -0.021 0 1 83 296
0.084 -0.021 0 1 156 303
10
0.063 -0.0735 0.075 1 151 323
0.063 -0.1745 0.075 1 269 315
0.173 -0.0735 0.075 1 152 192
0.173 -0.1745 0.075 1 270 196
0.021 -0.021 0 1 77 364
0.021 -0.042 0 1 105 362
0.021 -0.063 0 1 130 359
0.042 -0.063 0 1 130 336
0.063 -0.021 0 1 79 316
0.084 -0.021 0 1 79 292
10
0.063 -0.0735 0.075 1 149 332 
0.063 -0.1745 0.075 1 265 323
0.173 -0.0735 0.075 1 154 206
0.173 -0.1745 0.075 1 274 210
0.021 -0.021 0 1 79 346
0.021 -0.042 0 1 105 345
0.021 -0.063 0 1 129 343
0.042 -0.063 0 1 130 323
0.063 -0.021 0 1 80 303
0.084 -0.021 0 1 80 281
10
0.063 -0.0735 0.075 1 153 320
0.063 -0.1745 0.075 1 265 313
0.173 -0.0735 0.075 1 162 213
0.173 -0.1745 0.075 1 284 128
0.021 -0.021 0 1 87 308
0.021 -0.042 0 1 111 308
0.021 -0.063 0 1 135 307
0.042 -0.063 0 1 135 290
0.063 -0.021 0 1 87 274
0.084 -0.021 0 1 87 254
10
0.063 -0.0735 0.075 1 149 319
0.063 -0.1745 0.075 1 258 312
0.173 -0.0735 0.075 1 160 236
0.173 -0.1745 0.075 1 286 238
0.021 -0.021 0 1 84 287
0.021 -0.042 0 1 108 288
0.021 -0.063 0 1 131 287
0.042 -0.063 0 1 132 273
0.063 -0.021 0 1 84 259
0.084 -0.021 0 1 84 243
10
0.063 -0.0735 0.075 1 141 315
0.063 -0.1745 0.075 1 154 264
0.173 -0.0735 0.075 1 249 309
0.173 -0.1745 0.075 1 281 262
0.021 -0.021 0 1 76 266
0.021 -0.042 0 1 102 267
0.021 -0.063 0 1 124 266
0.042 -0.063 0 1 126 258
0.063 -0.021 0 1 77 246
0.084 -0.021 0 1 77 235