48
433 358 0 132 20 1 
439 335 0 132 40 1 
444 312 0 132 60 1 
450 287 0 132 80 1 
420 287 0 112 80 1 
391 285 0 92 80 1 
362 285 0 72 80 1 
359 308 0 72 60 1 
387 310 0 92 60 1 
415 311 0 112 60 1 
410 333 0 112 40 1 
383 332 0 92 40 1 
356 331 0 72 40 1 
353 354 0 72 20 1 
380 355 0 92 20 1 
406 356 0 112 20 1 
261 368 0 0 0 1 
286 369 0 21 0 1 
313 372 0 42 0 1 
312 359 21 42 0 1 
287 356 21 21 0 1
263 355 21 0 0 1
265 341 42 0 0 1
287 343 42 21 0 1 
312 345 42 42 0 1 
266 330 63 0 0 1 
288 332 63 21 0 1 
312 333 63 42 0 1
268 318 84 0 0 1
289 320 84 21 0 1
312 321 84 42 0 1
269 310 105 0 0 1 
290 309 105 21 0 1
311 310 105 42 0 1 
271 298 126 0 0 1 
290 299 126 21 0 1 
311 300 126 42 0 1 
271 290 147 0 0 1 
291 290 147 21 0 1 
311 291 147 42 0 1
273 281 168 0 0 1 
291 282 168 21 0 1 
311 282 168 42 0 1 
274 274 189 0 0 1 
292 274 189 21 0 1
310 274 189 42 0 1
292 267 210 21 0 1 
310 267 210 42 0 1 