39
415 378 0 132 20 1
420 355 0 132 40 1 
425 331 0 132 60 1 
431 305 0 132 80 1 
398 302 0 112 80 1 
394 326 0 112 60 1 
390 349 0 112 40 1  
386 273 0 112 20 1 
358 369 0 92 20 1 
361 345 0 92 40 1 
364 323 0 92 60 1 
367 297 0 92 80 1 
337 294 0 72 80 1
335 318 0 72 60 1 
333 342 0 72 40 1 
331 365 0 72 20 1 
240 369 0 0 0 1
264 373 0 21 0 1 
291 379 0 42 0 1
247 356 21 0 0 1 
271 360 21 21 0 1 
296 365 21 42 0 1 
255 342 42 0 0 1 
277 348 42 21 0 1
301 352 42 42 0 1
261 332 63 0 0 1
283 335 63 21 0 1
267 320 84 0 0 1
288 323 84 21 0 1
272 311 105 0 0 1
294 312 105 21 0 1
278 300 126 0 0 1
298 303 126 21 0 1
282 291 147 0 0 1
302 293 147 21 0 1
287 282 168 0 0 1
306 285 168 21 0 1
291 275 189 0 0 1
309 277 189 21 0 1