28
400 106 0 132 20 1 
376 103 0 132 40 1
352 99 0 132 60 1 
325 95 0 132 80 1 
318 126 0 112 80 1 
343 129 0 112 60 1
367 132 0 112 40 1
391 135 0 112 20 1
384 162 0 92 20 1 
359 160 0 92 40 1 
336 159 0 92 60 1
311 157 0 92 80 1
304 186 0 72 80 1
329 186 0 72 60 1 
353 187 0 72 40 1 
376 189 0 72 20 1
371 272 0 0 0 1
378 250 0 21 0 1
387 225 0 42 0 1
358 259 21 0 0 1
365 238 21 21 0 1
346 247 42 0 0 1
353 226 42 21 0 1
336 235 63 0 0 1
342 216 63 21 0 1
325 225 84 0 0 1
311 43 189 147 0 1
320 47 168 147 0 1