43
418 155 0 132 20 1 
393 153 0 132 40 1
368 151 0 132 60 1 
340 149 0 132 80 1 
330 178 0 112 80 1 
356 178 0 112 60 1 
380 179 0 112 40 1 
405 181 0 112 20 1
393 206 0 92 20 1
369 204 0 92 40 1
346 205 0 92 60 1
319 205 0 92 80 1
310 230 0 72 80 1 
335 229 0 72 60 1
359 229 0 72 40 1
382 230 0 72 20 1
367 298 0 0 0 1
377 280 0 21 0 1
388 260 0 42 0 1
365 263 21 21 0 1
356 281 21 0 0 1
345 264 42 0 0 1
376 73 105 147 0 1 
363 62 126 147 0 1
353 52 147 147 0 1
342 43 168 147 0 1
333 35 189 147 0 1
334 65 168 126 0 1
325 57 189 126 0 1
316 49 210 126 0 1
418 122 16 147 20 1
393 118 16 147 40 1 
367 115 16 147 60 1 
324 99 36 147 80 1 
353 100 36 147 60 1
378 103 36 147 40 1 
402 108 36 147 20 1
311 84 56 147 80 1
339 86 56 147 60 1
364 90 56 147 40 1
300 70 76 147 80 1
323 73 76 147 60 1
351 78 76 147 40 1 